       0  1  2  3  4  5  6  7  8  9
     _______________________________
0   ｜25 20 29 48 21 21 26  9 26 20｜
1   ｜24  1 23  3 17 14  4 25 13  6｜
2   ｜24 21 32 19 13  8 18 20  5 33｜
3   ｜15  1 23  3 25  9 14 15 37 21｜
4   ｜ 3 20 33  7 39 39 15 30 37  4｜
5   ｜18 28  2  9  8 14 19  5  2  6｜
6   ｜40 23 31  4  9 25 17 13 27 19｜
7   ｜27 22 40 40 22 16  7 33 28 15｜
8   ｜48  4 23 14 16 34  2 35 40 27｜
9   ｜ 6  7 33  5 36 13  3 35 19 34｜
10  ｜11  6 28 32  1 42 18 31  1 30｜
11  ｜31 22 11  8 29 42 31 32 29 28｜
12  ｜41  7 26 11  8  2 26 22 16 18｜
13  ｜41 36  5 16 11 24 27 29 24 32｜
     ‾‾‾‾‾‾‾‾‾‾‾‾‾‾‾‾‾‾‾‾‾‾‾‾‾‾‾‾‾‾‾